 
10000000 00000000 00000000 00110010 
10000000 00000001 11111111 11101001 
10000000 00011101 00000000 00000000 
01010010 00000000 00011101 00000000 
01110011 00000000 00000000 00000010 
10000000 00011100 00000000 00000001 
01110000 00000000 00000000 00000001 
10000000 00011100 11111111 11111111 
01010010 00000001 00011101 00000000 
01110011 00000000 00000000 00000010 
10000001 00011100 00000000 00000001 
01110000 00000000 00000000 00000001 
10000010 00011100 00000000 00000001 
01010000 00011100 00011101 00000000 
01110011 00000000 00000000 00000010 
10000000 00011100 11111111 11111111 
01110000 00000000 00000000 00000001 
10000000 00011100 00000000 00000001 
01010010 00000000 00000001 00000000 
01110011 00000000 00000000 00000011 
00100010 00000000 00000000 00000001 
00100001 00011101 00011101 00011100 
01110000 11111111 11111111 11111011 
11110000 00000000 00000000 00000000
